        al                                                                      
 
        Constituents (Atomic Number:Fraction by Weight)
          13:1.00000
 
        Cross Sections and Attenuation Coefficients
        (Note that 1 b(arn) = 10**(-24) cm2)
 
         PHOTON       SCATTERING       PHOTO-     PAIR PRODUCTION    TOTAL ATTENUATION
         ENERGY   COHERENT  INCOHER.  ELECTRIC     IN        IN        WITH    WITHOUT
                                     ABSORPTION  NUCLEAR  ELECTRON   COHERENT  COHERENT
                                                  FIELD     FIELD     SCATT.    SCATT.
          (MeV)   (b/atom)  (b/atom)  (b/atom)  (b/atom)  (b/atom)    (cm2/g)   (cm2/g)
 
        1.000E-03 1.011E+02 6.394E-01 5.300E+04 0.000E+00 0.000E+00 1.185E+03 1.183E+03
        1.500E-03 9.140E+01 1.110E+00 1.793E+04 0.000E+00 0.000E+00 4.023E+02 4.002E+02
        1.560E-03 9.026E+01 1.162E+00 1.613E+04 0.000E+00 0.000E+00 3.621E+02 3.600E+02
 
 13 K   1.560E-03 9.026E+01 1.162E+00 1.772E+05 0.000E+00 0.000E+00 3.957E+03 3.955E+03
        2.000E-03 8.236E+01 1.512E+00 1.013E+05 0.000E+00 0.000E+00 2.263E+03 2.261E+03
        3.000E-03 6.822E+01 2.120E+00 3.524E+04 0.000E+00 0.000E+00 7.881E+02 7.866E+02
        4.000E-03 5.804E+01 2.603E+00 1.609E+04 0.000E+00 0.000E+00 3.605E+02 3.592E+02
        5.000E-03 4.998E+01 3.041E+00 8.612E+03 0.000E+00 0.000E+00 1.934E+02 1.923E+02
        6.000E-03 4.318E+01 3.448E+00 5.119E+03 0.000E+00 0.000E+00 1.153E+02 1.143E+02
        8.000E-03 3.239E+01 4.163E+00 2.218E+03 0.000E+00 0.000E+00 5.032E+01 4.960E+01
        1.000E-02 2.470E+01 4.740E+00 1.145E+03 0.000E+00 0.000E+00 2.621E+01 2.566E+01
        1.500E-02 1.405E+01 5.668E+00 3.367E+02 0.000E+00 0.000E+00 7.955E+00 7.641E+00
        2.000E-02 9.166E+00 6.142E+00 1.389E+02 0.000E+00 0.000E+00 3.442E+00 3.237E+00
        3.000E-02 4.908E+00 6.561E+00 3.908E+01 0.000E+00 0.000E+00 1.128E+00 1.019E+00
        4.000E-02 3.073E+00 6.695E+00 1.570E+01 0.000E+00 0.000E+00 5.684E-01 4.998E-01
        5.000E-02 2.096E+00 6.702E+00 7.696E+00 0.000E+00 0.000E+00 3.681E-01 3.214E-01
        6.000E-02 1.517E+00 6.645E+00 4.285E+00 0.000E+00 0.000E+00 2.778E-01 2.440E-01
        8.000E-02 8.982E-01 6.447E+00 1.695E+00 0.000E+00 0.000E+00 2.018E-01 1.817E-01
        1.000E-01 5.930E-01 6.218E+00 8.245E-01 0.000E+00 0.000E+00 1.704E-01 1.572E-01
        1.500E-01 2.743E-01 5.678E+00 2.237E-01 0.000E+00 0.000E+00 1.378E-01 1.317E-01
        2.000E-01 1.570E-01 5.233E+00 8.970E-02 0.000E+00 0.000E+00 1.223E-01 1.188E-01
        3.000E-01 7.078E-02 4.573E+00 2.573E-02 0.000E+00 0.000E+00 1.042E-01 1.026E-01
        4.000E-01 4.003E-02 4.105E+00 1.111E-02 0.000E+00 0.000E+00 9.276E-02 9.187E-02
        5.000E-01 2.568E-02 3.752E+00 6.021E-03 0.000E+00 0.000E+00 8.445E-02 8.388E-02
        6.000E-01 1.786E-02 3.474E+00 3.764E-03 0.000E+00 0.000E+00 7.802E-02 7.762E-02
        8.000E-01 1.006E-02 3.053E+00 1.905E-03 0.000E+00 0.000E+00 6.841E-02 6.818E-02
        1.000E+00 6.443E-03 2.746E+00 1.184E-03 0.000E+00 0.000E+00 6.146E-02 6.132E-02
        1.022E+00 6.169E-03 2.717E+00 1.115E-03 0.000E+00 0.000E+00 6.080E-02 6.067E-02
        1.250E+00 4.125E-03 2.456E+00 7.562E-04 1.404E-03 0.000E+00 5.496E-02 5.486E-02
        1.500E+00 2.865E-03 2.232E+00 5.476E-04 7.652E-03 0.000E+00 5.006E-02 5.000E-02
        2.000E+00 1.612E-03 1.905E+00 3.420E-04 3.023E-02 0.000E+00 4.324E-02 4.320E-02
        2.044E+00 1.543E-03 1.882E+00 3.307E-04 3.258E-02 0.000E+00 4.277E-02 4.274E-02
        3.000E+00 7.166E-04 1.499E+00 1.892E-04 8.595E-02 5.245E-04 3.541E-02 3.539E-02
        4.000E+00 4.031E-04 1.250E+00 1.291E-04 1.390E-01 2.142E-03 3.106E-02 3.105E-02
        5.000E+00 2.580E-04 1.080E+00 9.746E-05 1.861E-01 4.267E-03 2.836E-02 2.836E-02
        6.000E+00 1.792E-04 9.545E-01 7.812E-05 2.284E-01 6.554E-03 2.655E-02 2.655E-02
        7.000E+00 1.316E-04 8.579E-01 6.511E-05 2.660E-01 8.836E-03 2.529E-02 2.528E-02
        8.000E+00 1.008E-04 7.808E-01 5.577E-05 2.999E-01 1.105E-02 2.437E-02 2.437E-02
        9.000E+00 7.963E-05 7.178E-01 4.876E-05 3.305E-01 1.318E-02 2.369E-02 2.369E-02
        1.000E+01 6.450E-05 6.650E-01 4.330E-05 3.584E-01 1.520E-02 2.318E-02 2.318E-02
        1.100E+01 5.331E-05 6.203E-01 3.894E-05 3.837E-01 1.712E-02 2.279E-02 2.279E-02
        1.200E+01 4.479E-05 5.817E-01 3.537E-05 4.069E-01 1.893E-02 2.249E-02 2.249E-02
        1.300E+01 3.817E-05 5.480E-01 3.239E-05 4.284E-01 2.065E-02 2.226E-02 2.225E-02
 
        al                                                                      
 
        Constituents (Atomic Number:Fraction by Weight)
          13:1.00000
 
        Cross Sections and Attenuation Coefficients
        (Note that 1 b(arn) = 10**(-24) cm2)
 
         PHOTON       SCATTERING       PHOTO-     PAIR PRODUCTION    TOTAL ATTENUATION
         ENERGY   COHERENT  INCOHER.  ELECTRIC     IN        IN        WITH    WITHOUT
                                     ABSORPTION  NUCLEAR  ELECTRON   COHERENT  COHERENT
                                                  FIELD     FIELD     SCATT.    SCATT.
          (MeV)   (b/atom)  (b/atom)  (b/atom)  (b/atom)  (b/atom)    (cm2/g)   (cm2/g)
 
        1.400E+01 3.291E-05 5.185E-01 2.988E-05 4.484E-01 2.228E-02 2.208E-02 2.208E-02
        1.500E+01 2.867E-05 4.922E-01 2.772E-05 4.672E-01 2.383E-02 2.195E-02 2.195E-02
        1.600E+01 2.520E-05 4.687E-01 2.586E-05 4.847E-01 2.531E-02 2.185E-02 2.184E-02
        1.800E+01 1.991E-05 4.284E-01 2.279E-05 5.169E-01 2.806E-02 2.173E-02 2.173E-02
        2.000E+01 1.613E-05 3.951E-01 2.037E-05 5.457E-01 3.057E-02 2.168E-02 2.168E-02
        2.200E+01 1.333E-05 3.669E-01 1.841E-05 5.717E-01 3.288E-02 2.168E-02 2.168E-02
        2.400E+01 1.120E-05 3.429E-01 1.680E-05 5.954E-01 3.501E-02 2.172E-02 2.172E-02
        2.600E+01 9.541E-06 3.220E-01 1.544E-05 6.171E-01 3.699E-02 2.179E-02 2.179E-02
        2.800E+01 8.227E-06 3.037E-01 1.429E-05 6.371E-01 3.883E-02 2.187E-02 2.187E-02
        3.000E+01 7.167E-06 2.876E-01 1.330E-05 6.556E-01 4.056E-02 2.196E-02 2.196E-02
        4.000E+01 4.031E-06 2.285E-01 9.870E-06 7.321E-01 4.778E-02 2.251E-02 2.251E-02
        5.000E+01 2.580E-06 1.908E-01 7.846E-06 7.891E-01 5.337E-02 2.306E-02 2.306E-02
        6.000E+01 1.792E-06 1.644E-01 6.511E-06 8.342E-01 5.788E-02 2.358E-02 2.358E-02
        8.000E+01 1.008E-06 1.296E-01 4.857E-06 9.019E-01 6.479E-02 2.447E-02 2.447E-02
        1.000E+02 6.449E-07 1.076E-01 3.873E-06 9.503E-01 6.993E-02 2.517E-02 2.517E-02
        1.500E+02 2.866E-07 7.662E-02 2.571E-06 1.028E+00 7.864E-02 2.641E-02 2.641E-02
        2.000E+02 1.612E-07 6.008E-02 1.924E-06 1.076E+00 8.426E-02 2.724E-02 2.724E-02
        3.000E+02 7.166E-08 4.258E-02 1.280E-06 1.132E+00 9.134E-02 2.825E-02 2.825E-02
        4.000E+02 4.031E-08 3.335E-02 9.590E-07 1.165E+00 9.572E-02 2.888E-02 2.888E-02
        5.000E+02 2.580E-08 2.761E-02 7.667E-07 1.187E+00 9.878E-02 2.931E-02 2.931E-02
        6.000E+02 1.791E-08 2.364E-02 6.386E-07 1.202E+00 1.011E-01 2.961E-02 2.961E-02
        8.000E+02 1.008E-08 1.846E-02 4.787E-07 1.223E+00 1.043E-01 3.004E-02 3.004E-02
        1.000E+03 6.449E-09 1.519E-02 3.828E-07 1.237E+00 1.064E-01 3.032E-02 3.032E-02
        1.500E+03 2.866E-09 1.061E-02 2.551E-07 1.257E+00 1.097E-01 3.074E-02 3.074E-02
        2.000E+03 1.612E-09 8.209E-03 1.913E-07 1.268E+00 1.116E-01 3.098E-02 3.098E-02
        3.000E+03 7.166E-10 5.708E-03 1.275E-07 1.280E+00 1.137E-01 3.123E-02 3.123E-02
        4.000E+03 4.031E-10 4.406E-03 9.562E-08 1.287E+00 1.149E-01 3.139E-02 3.139E-02
        5.000E+03 2.580E-10 3.602E-03 7.649E-08 1.291E+00 1.157E-01 3.148E-02 3.148E-02
        6.000E+03 1.791E-10 3.055E-03 6.374E-08 1.294E+00 1.162E-01 3.154E-02 3.154E-02
        8.000E+03 1.008E-10 2.353E-03 4.780E-08 1.297E+00 1.169E-01 3.161E-02 3.161E-02
        1.000E+04 6.449E-11 1.921E-03 3.824E-08 1.300E+00 1.174E-01 3.168E-02 3.168E-02
        1.500E+04 2.866E-11 1.328E-03 2.549E-08 1.303E+00 1.180E-01 3.175E-02 3.175E-02
        2.000E+04 1.612E-11 1.021E-03 1.912E-08 1.305E+00 1.184E-01 3.179E-02 3.179E-02
        3.000E+04 7.166E-12 7.041E-04 1.275E-08 1.306E+00 1.188E-01 3.182E-02 3.182E-02
        4.000E+04 4.031E-12 5.405E-04 9.559E-09 1.307E+00 1.190E-01 3.184E-02 3.184E-02
        5.000E+04 2.580E-12 4.402E-04 7.647E-09 1.308E+00 1.191E-01 3.186E-02 3.186E-02
        6.000E+04 1.791E-12 3.721E-04 6.373E-09 1.308E+00 1.192E-01 3.186E-02 3.186E-02
        8.000E+04 1.008E-12 2.853E-04 4.779E-09 1.309E+00 1.193E-01 3.189E-02 3.189E-02
        1.000E+05 6.449E-13 2.321E-04 3.823E-09 1.309E+00 1.194E-01 3.189E-02 3.189E-02
